#Res        AtomicFlx
   1.000       3.4117
   2.000       2.6645
   3.000       2.8319
   4.000       2.2247
   5.000       2.2255
   6.000       2.3202
   7.000       1.9180
   8.000       1.3286
   9.000       1.1283
  10.000       1.1017
  11.000       1.0043
  12.000       0.8207
  13.000       1.0782
  14.000       1.1191
  15.000       0.8472
  16.000       0.8885
  17.000       1.2134
  18.000       1.2531
  19.000       1.1559
  20.000       1.3204
  21.000       1.1172
  22.000       1.1234
  23.000       1.0323
  24.000       1.2136
  25.000       1.1176
  26.000       0.8411
  27.000       0.9573
  28.000       0.7368
  29.000       0.7690
  30.000       0.7128
  31.000       0.8302
  32.000       0.8890
  33.000       0.9873
  34.000       1.0716
  35.000       1.1361
  36.000       0.9551
  37.000       0.8961
  38.000       1.2542
  39.000       1.1206
  40.000       1.1951
  41.000       0.9624
  42.000       0.7404
  43.000       0.9235
  44.000       0.8973
  45.000       0.7182
  46.000       0.8559
  47.000       0.9253
  48.000       0.7625
  49.000       0.8385
  50.000       0.7721
  51.000       0.8890
  52.000       0.7321
  53.000       0.9094
  54.000       1.0641
  55.000       1.3756
  56.000       1.7796
  57.000       1.6041
  58.000       1.1017
  59.000       0.7433
  60.000       0.6708
  61.000       0.6034
  62.000       0.6347
  63.000       0.7064
  64.000       0.8018
  65.000       0.8389
  66.000       0.6690
  67.000       0.6600
  68.000       0.7755
  69.000       0.7323
  70.000       0.7517
  71.000       0.7329
  72.000       0.7164
  73.000       0.8348
  74.000       0.8254
  75.000       0.7648
  76.000       0.9982
  77.000       1.1509
  78.000       1.0521
  79.000       0.9099
  80.000       1.1047
  81.000       1.0553
  82.000       0.8046
  83.000       0.8013
  84.000       0.8120
  85.000       0.8150
  86.000       1.0407
  87.000       1.0468
  88.000       0.9291
  89.000       1.1035
  90.000       1.3597
  91.000       1.4367
  92.000       1.6284
  93.000       1.6398
  94.000       1.5787
  95.000       1.3095
  96.000       1.0218
  97.000       1.2683
  98.000       1.3892
  99.000       1.0958
 100.000       0.9951
 101.000       0.6586
 102.000       0.6142
 103.000       0.5353
 104.000       0.6248
 105.000       0.7652
 106.000       0.7787
 107.000       0.6990
 108.000       0.7457
 109.000       0.7906
 110.000       0.7523
 111.000       0.9854
 112.000       1.0330
 113.000       1.1106
 114.000       0.8679
 115.000       0.7224
 116.000       0.9474
 117.000       1.0058
 118.000       0.7950
 119.000       0.9090
 120.000       1.1861
 121.000       1.1982
 122.000       1.0601
 123.000       0.8907
 124.000       0.7322
 125.000       0.4803
 126.000       0.5533
 127.000       0.7507
 128.000       0.7970
 129.000       1.1632
 130.000       1.3114
 131.000       1.0745
 132.000       0.7025
 133.000       0.5172
 134.000       0.4988
 135.000       0.5825
 136.000       0.7470
 137.000       1.0661
 138.000       1.1522
 139.000       0.9782
 140.000       1.3785
 141.000       1.2696
 142.000       1.3402
 143.000       1.2239
 144.000       0.9430
 145.000       1.1345
 146.000       1.2548
 147.000       1.4676
 148.000       1.4092
 149.000       1.0378
 150.000       1.1541
 151.000       1.6713
