#Res        AtomicFlx
   1.000       4.2225
   2.000       3.3031
   3.000       3.2304
   4.000       3.1403
   5.000       3.3671
   6.000       3.6779
   7.000       3.0039
   8.000       2.1092
   9.000       1.7248
  10.000       1.5434
  11.000       1.3538
  12.000       1.1323
  13.000       1.5968
  14.000       1.7273
  15.000       1.3145
  16.000       1.4409
  17.000       1.9435
  18.000       1.8817
  19.000       1.6654
  20.000       2.0406
  21.000       1.8016
  22.000       1.7764
  23.000       1.5833
  24.000       1.8406
  25.000       1.6961
  26.000       1.1883
  27.000       1.1470
  28.000       0.8171
  29.000       0.8970
  30.000       0.9351
  31.000       1.1659
  32.000       1.4100
  33.000       1.5368
  34.000       1.4589
  35.000       1.5457
  36.000       1.2590
  37.000       1.2681
  38.000       1.9311
  39.000       1.7878
  40.000       1.8187
  41.000       1.4015
  42.000       1.0850
  43.000       1.3702
  44.000       1.2368
  45.000       0.8817
  46.000       1.1310
  47.000       1.2240
  48.000       0.9333
  49.000       1.0553
  50.000       0.9548
  51.000       1.1461
  52.000       0.9591
  53.000       1.2747
  54.000       1.5312
  55.000       1.9353
  56.000       2.2266
  57.000       2.0449
  58.000       1.4099
  59.000       0.9765
  60.000       0.8145
  61.000       0.7118
  62.000       0.8236
  63.000       1.0193
  64.000       1.3211
  65.000       1.5548
  66.000       1.2979
  67.000       1.2034
  68.000       1.2055
  69.000       1.3292
  70.000       1.4424
  71.000       1.1433
  72.000       1.1351
  73.000       1.3827
  74.000       1.3732
  75.000       1.2424
  76.000       1.9039
  77.000       2.0289
  78.000       2.0486
  79.000       1.8481
  80.000       2.2876
  81.000       2.0768
  82.000       1.6154
  83.000       1.4007
  84.000       1.1109
  85.000       0.8608
  86.000       1.1091
  87.000       1.3427
  88.000       1.2493
  89.000       1.3796
  90.000       1.7619
  91.000       2.0788
  92.000       2.2385
  93.000       2.2939
  94.000       2.2043
  95.000       1.8173
  96.000       1.5196
  97.000       2.1212
  98.000       2.4435
  99.000       1.9202
 100.000       1.9004
 101.000       1.2646
 102.000       1.1821
 103.000       0.8168
 104.000       0.9295
 105.000       0.8653
 106.000       1.0969
 107.000       1.3116
 108.000       1.5276
 109.000       1.7361
 110.000       1.5729
 111.000       2.1213
 112.000       2.0714
 113.000       2.2443
 114.000       1.7704
 115.000       1.3449
 116.000       1.7299
 117.000       1.9075
 118.000       1.3953
 119.000       1.5014
 120.000       2.1388
 121.000       2.1792
 122.000       1.8919
 123.000       1.4987
 124.000       1.1139
 125.000       0.6946
 126.000       1.1062
 127.000       1.5611
 128.000       1.5408
 129.000       2.1509
 130.000       2.4977
 131.000       1.9145
 132.000       1.3030
 133.000       0.8316
 134.000       0.6375
 135.000       0.9242
 136.000       1.4266
 137.000       2.1574
 138.000       1.9333
 139.000       1.4383
 140.000       2.2005
 141.000       2.8747
 142.000       3.2326
 143.000       3.4074
 144.000       3.3682
 145.000       3.1313
 146.000       2.8069
 147.000       3.2059
 148.000       3.5071
 149.000       3.7063
 150.000       3.5624
 151.000       4.9478
