#Res        AtomicFlx
   1.000       3.5159
   2.000       2.3040
   3.000       2.4794
   4.000       1.9806
   5.000       1.9011
   6.000       2.0276
   7.000       1.6877
   8.000       1.1616
   9.000       1.0653
  10.000       1.0196
  11.000       0.8376
  12.000       0.7474
  13.000       1.0063
  14.000       1.0625
  15.000       0.8750
  16.000       0.9496
  17.000       1.2396
  18.000       1.2707
  19.000       1.2106
  20.000       1.3945
  21.000       1.2149
  22.000       1.1489
  23.000       0.9541
  24.000       1.1304
  25.000       1.1300
  26.000       0.8565
  27.000       0.8486
  28.000       0.6505
  29.000       0.6478
  30.000       0.6534
  31.000       0.7201
  32.000       0.9223
  33.000       0.9799
  34.000       0.8841
  35.000       1.0048
  36.000       0.8606
  37.000       0.8242
  38.000       1.0330
  39.000       0.9723
  40.000       1.0306
  41.000       0.8581
  42.000       0.6600
  43.000       0.7646
  44.000       0.7898
  45.000       0.6553
  46.000       0.7418
  47.000       0.7739
  48.000       0.7064
  49.000       0.7230
  50.000       0.6507
  51.000       0.6825
  52.000       0.6201
  53.000       0.7288
  54.000       0.8120
  55.000       0.9919
  56.000       1.3761
  57.000       1.3259
  58.000       0.9023
  59.000       0.6424
  60.000       0.5481
  61.000       0.5395
  62.000       0.6692
  63.000       0.8869
  64.000       1.1627
  65.000       1.2843
  66.000       1.0984
  67.000       1.0844
  68.000       1.3239
  69.000       1.4225
  70.000       1.3162
  71.000       1.3433
  72.000       1.4555
  73.000       1.4675
  74.000       1.5601
  75.000       0.9634
  76.000       1.2295
  77.000       1.2127
  78.000       1.0938
  79.000       0.9503
  80.000       1.1040
  81.000       0.9868
  82.000       0.8086
  83.000       0.8130
  84.000       0.8226
  85.000       0.8241
  86.000       1.0404
  87.000       1.0052
  88.000       0.8687
  89.000       1.0868
  90.000       1.3802
  91.000       1.4345
  92.000       1.7855
  93.000       1.7163
  94.000       1.8274
  95.000       1.4336
  96.000       1.0345
  97.000       1.3399
  98.000       1.4956
  99.000       1.1422
 100.000       1.0867
 101.000       0.7084
 102.000       0.6699
 103.000       0.5748
 104.000       0.6572
 105.000       0.7833
 106.000       0.8661
 107.000       0.7814
 108.000       0.8691
 109.000       0.9459
 110.000       0.9062
 111.000       1.1911
 112.000       1.1275
 113.000       1.2753
 114.000       1.1904
 115.000       0.8527
 116.000       1.2535
 117.000       1.5177
 118.000       1.3487
 119.000       1.5300
 120.000       2.0083
 121.000       2.0853
 122.000       1.7348
 123.000       1.2550
 124.000       0.7669
 125.000       0.4975
 126.000       0.5868
 127.000       0.7218
 128.000       0.8203
 129.000       1.0628
 130.000       1.0889
 131.000       0.8592
 132.000       0.6808
 133.000       0.5372
 134.000       0.5523
 135.000       0.7269
 136.000       0.9836
 137.000       1.4530
 138.000       1.5965
 139.000       1.3073
 140.000       1.9123
 141.000       2.3554
 142.000       1.8926
 143.000       2.3668
 144.000       2.5665
 145.000       4.1241
 146.000       3.5444
 147.000       2.1868
 148.000       2.4317
 149.000       1.4030
 150.000       1.5205
 151.000       2.3281
