#Res        AtomicFlx
   1.000       3.8474
   2.000       3.1378
   3.000       3.3963
   4.000       2.7544
   5.000       3.0944
   6.000       3.1055
   7.000       2.1922
   8.000       1.5018
   9.000       1.1685
  10.000       1.1589
  11.000       1.0309
  12.000       0.8348
  13.000       1.0840
  14.000       1.1393
  15.000       0.8864
  16.000       0.9144
  17.000       1.2416
  18.000       1.2954
  19.000       1.2089
  20.000       1.3643
  21.000       1.1646
  22.000       1.1423
  23.000       1.0238
  24.000       1.2406
  25.000       1.1450
  26.000       0.8901
  27.000       0.9495
  28.000       0.7802
  29.000       0.8134
  30.000       0.7471
  31.000       0.9289
  32.000       1.0146
  33.000       1.0962
  34.000       1.1359
  35.000       1.1497
  36.000       0.9998
  37.000       0.8937
  38.000       1.1107
  39.000       1.0451
  40.000       1.1595
  41.000       0.9381
  42.000       0.7455
  43.000       0.9250
  44.000       0.9545
  45.000       0.7589
  46.000       0.8835
  47.000       0.9967
  48.000       0.8457
  49.000       0.8897
  50.000       0.8114
  51.000       0.9335
  52.000       0.7709
  53.000       0.9905
  54.000       1.2099
  55.000       1.5254
  56.000       1.9842
  57.000       1.8227
  58.000       1.3148
  59.000       0.8953
  60.000       0.7558
  61.000       0.6573
  62.000       0.7172
  63.000       0.7973
  64.000       0.9789
  65.000       1.0609
  66.000       0.8363
  67.000       0.8659
  68.000       1.1412
  69.000       1.0848
  70.000       1.1218
  71.000       1.3202
  72.000       1.4183
  73.000       1.3473
  74.000       1.0384
  75.000       1.1486
  76.000       1.2631
  77.000       1.1154
  78.000       1.0494
  79.000       1.0259
  80.000       1.2689
  81.000       1.1456
  82.000       1.1077
  83.000       1.1650
  84.000       1.1251
  85.000       1.0646
  86.000       1.3215
  87.000       1.3929
  88.000       1.1806
  89.000       1.3416
  90.000       1.6801
  91.000       1.7260
  92.000       1.8478
  93.000       1.9115
  94.000       1.7825
  95.000       1.4555
  96.000       1.1264
  97.000       1.3323
  98.000       1.4811
  99.000       1.1635
 100.000       1.0363
 101.000       0.6971
 102.000       0.6844
 103.000       0.6121
 104.000       0.6683
 105.000       0.7750
 106.000       0.8486
 107.000       0.7846
 108.000       0.7931
 109.000       0.8018
 110.000       0.7408
 111.000       0.9632
 112.000       0.9973
 113.000       1.0734
 114.000       0.8375
 115.000       0.7003
 116.000       0.9320
 117.000       1.0047
 118.000       0.8262
 119.000       0.9818
 120.000       1.2379
 121.000       1.2730
 122.000       1.2435
 123.000       1.0768
 124.000       0.9847
 125.000       0.8390
 126.000       0.7172
 127.000       0.8971
 128.000       1.0557
 129.000       1.5473
 130.000       1.3559
 131.000       1.2739
 132.000       0.8441
 133.000       0.6282
 134.000       0.5804
 135.000       0.6420
 136.000       0.7922
 137.000       1.1220
 138.000       1.2062
 139.000       1.0245
 140.000       2.1338
 141.000       3.4520
 142.000       3.8446
 143.000       4.0668
 144.000       3.3106
 145.000       3.0493
 146.000       3.2445
 147.000       3.6261
 148.000       2.8840
 149.000       2.5064
 150.000       3.0364
 151.000       5.6154
