#Res        AtomicFlx
   1.000       4.2964
   2.000       2.8970
   3.000       3.1810
   4.000       2.4419
   5.000       2.5510
   6.000       2.4938
   7.000       1.9031
   8.000       1.3328
   9.000       1.0235
  10.000       0.9765
  11.000       0.9036
  12.000       0.7412
  13.000       1.0133
  14.000       1.0488
  15.000       0.7794
  16.000       0.8350
  17.000       1.1570
  18.000       1.1829
  19.000       1.0906
  20.000       1.2705
  21.000       1.0832
  22.000       1.1111
  23.000       1.0487
  24.000       1.1972
  25.000       1.1081
  26.000       0.8304
  27.000       0.9638
  28.000       0.7558
  29.000       0.8059
  30.000       0.7434
  31.000       0.8521
  32.000       0.9390
  33.000       1.0161
  34.000       1.1024
  35.000       1.1552
  36.000       0.9904
  37.000       0.9140
  38.000       1.1592
  39.000       1.0550
  40.000       1.1598
  41.000       0.9653
  42.000       0.7189
  43.000       0.8915
  44.000       0.9003
  45.000       0.7107
  46.000       0.8022
  47.000       0.8608
  48.000       0.7076
  49.000       0.7243
  50.000       0.6475
  51.000       0.7545
  52.000       0.6154
  53.000       0.7844
  54.000       0.9415
  55.000       1.3057
  56.000       1.7420
  57.000       1.5706
  58.000       1.0704
  59.000       0.7150
  60.000       0.6710
  61.000       0.6257
  62.000       0.6284
  63.000       0.7190
  64.000       0.8050
  65.000       0.8568
  66.000       0.6905
  67.000       0.6507
  68.000       0.8220
  69.000       0.7807
  70.000       0.7369
  71.000       0.7508
  72.000       0.8199
  73.000       0.8484
  74.000       0.8345
  75.000       0.9235
  76.000       1.3079
  77.000       1.1217
  78.000       1.0544
  79.000       0.9309
  80.000       1.0513
  81.000       0.9267
  82.000       0.7425
  83.000       0.7085
  84.000       0.7102
  85.000       0.7235
  86.000       0.9439
  87.000       0.9142
  88.000       0.8092
  89.000       0.9925
  90.000       1.2300
  91.000       1.3286
  92.000       1.5089
  93.000       1.4883
  94.000       1.4220
  95.000       1.1787
  96.000       0.9494
  97.000       1.2057
  98.000       1.3024
  99.000       0.9981
 100.000       0.9079
 101.000       0.5895
 102.000       0.5455
 103.000       0.4993
 104.000       0.5682
 105.000       0.7402
 106.000       0.6862
 107.000       0.6003
 108.000       0.6392
 109.000       0.6643
 110.000       0.6309
 111.000       0.8842
 112.000       0.9510
 113.000       1.0298
 114.000       0.8006
 115.000       0.6708
 116.000       0.8961
 117.000       0.9385
 118.000       0.7471
 119.000       0.9016
 120.000       1.1497
 121.000       1.1269
 122.000       1.0286
 123.000       0.8143
 124.000       0.6308
 125.000       0.4502
 126.000       0.5480
 127.000       0.6974
 128.000       0.8232
 129.000       1.4234
 130.000       1.1481
 131.000       0.8262
 132.000       0.6509
 133.000       0.4930
 134.000       0.4838
 135.000       0.5846
 136.000       0.7782
 137.000       1.1743
 138.000       1.2287
 139.000       1.0230
 140.000       1.7557
 141.000       2.8096
 142.000       2.9281
 143.000       3.0297
 144.000       2.4299
 145.000       2.4088
 146.000       1.8754
 147.000       1.5289
 148.000       1.3199
 149.000       0.9526
 150.000       1.2771
 151.000       1.2592
