#Res        AtomicFlx
   1.000       3.9306
   2.000       2.9186
   3.000       2.9980
   4.000       2.2731
   5.000       2.2976
   6.000       2.3771
   7.000       1.9015
   8.000       1.3629
   9.000       1.1928
  10.000       1.1740
  11.000       1.0926
  12.000       0.8977
  13.000       1.1652
  14.000       1.2104
  15.000       0.9052
  16.000       0.9508
  17.000       1.2792
  18.000       1.2634
  19.000       1.1545
  20.000       1.3342
  21.000       1.1914
  22.000       1.2557
  23.000       1.1098
  24.000       1.3764
  25.000       1.2406
  26.000       0.9385
  27.000       1.0026
  28.000       0.7906
  29.000       0.8220
  30.000       0.7791
  31.000       0.9427
  32.000       1.0542
  33.000       1.1096
  34.000       1.1601
  35.000       1.1779
  36.000       1.0145
  37.000       0.8722
  38.000       1.1056
  39.000       1.0833
  40.000       1.1304
  41.000       0.8763
  42.000       0.7388
  43.000       0.9591
  44.000       0.9084
  45.000       0.7194
  46.000       0.9501
  47.000       1.0592
  48.000       0.8747
  49.000       1.0008
  50.000       0.8849
  51.000       0.9768
  52.000       0.7850
  53.000       0.9630
  54.000       1.1125
  55.000       1.4724
  56.000       1.8922
  57.000       1.7120
  58.000       1.2156
  59.000       0.8256
  60.000       0.7410
  61.000       0.6638
  62.000       0.7080
  63.000       0.7817
  64.000       1.0244
  65.000       1.2157
  66.000       1.0052
  67.000       1.0550
  68.000       1.3895
  69.000       1.1534
  70.000       1.1507
  71.000       1.2646
  72.000       0.9513
  73.000       1.1024
  74.000       1.1050
  75.000       0.8237
  76.000       1.3845
  77.000       1.2043
  78.000       1.0856
  79.000       0.9831
  80.000       1.1697
  81.000       1.0862
  82.000       0.9094
  83.000       0.9705
  84.000       1.0267
  85.000       1.2718
  86.000       1.5249
  87.000       1.5431
  88.000       1.4021
  89.000       1.5751
  90.000       1.9660
  91.000       2.0262
  92.000       2.1317
  93.000       2.1896
  94.000       2.0987
  95.000       1.7188
  96.000       1.4516
  97.000       1.8013
  98.000       1.9054
  99.000       1.5477
 100.000       1.6006
 101.000       1.0556
 102.000       0.8441
 103.000       0.6772
 104.000       0.9317
 105.000       1.0482
 106.000       0.9582
 107.000       0.8751
 108.000       0.9839
 109.000       1.0851
 110.000       0.9830
 111.000       1.3801
 112.000       1.6720
 113.000       1.6716
 114.000       1.2100
 115.000       1.2039
 116.000       1.5197
 117.000       1.3138
 118.000       1.0199
 119.000       1.2850
 120.000       1.4734
 121.000       1.3174
 122.000       1.2635
 123.000       0.9770
 124.000       0.7624
 125.000       0.6430
 126.000       0.6475
 127.000       0.8413
 128.000       1.0054
 129.000       1.5011
 130.000       1.4284
 131.000       1.1742
 132.000       0.9730
 133.000       0.8532
 134.000       0.7941
 135.000       0.7473
 136.000       0.8295
 137.000       1.1880
 138.000       1.4724
 139.000       1.2956
 140.000       1.2912
 141.000       1.7313
 142.000       2.0061
 143.000       2.8789
 144.000       2.3805
 145.000       2.3954
 146.000       1.8781
 147.000       1.8660
 148.000       2.3669
 149.000       1.4943
 150.000       1.4228
 151.000       1.8795
